3,2
3,1
3,3
10,289
10,133
10,237
10,225
10,161
10,87
10,159
11,21
11,19
11,13
8,4
8,5
8,11
8,17
8,2
8,3
54,4
54,3
54,2
54,1
54,0
53,3
53,2
53,1
53,0
52,3
52,2
52,1
52,0
51,5
51,4
51,3
51,2
51,1
51,0
50,4
50,3
50,2
50,1
50,0
48,5
48,4
48,3
48,2
48,1
48,0
45,5
45,4
45,3
45,2
45,1
45,0
43,5
43,4
43,3
43,2
43,1
43,0
34,1
20,3
20,2
20,1
19,3
19,2
19,1
12,3
12,2
12,1
11,27
11,25
11,23
18,1
11,17
18,3
11,15
11,11
11,9
14,1
11,7
14,3
11,5
13,1
11,3
13,3
11,2
11,1
10,259
10,243
10,203
10,201
10,199
10,195
10,171
10,163
10,155
10,149
10,131
10,113
10,105
10,73
10,25
